


1 1 1 1 1 1 1 1 1 1 1 1 1 1 1 1 1 1 1 1 1 1 1 1 1 H 1 1 1 1 1 1 1 1
1 1 7 0 0 0 0 0 0 0 0 0 8 1 1 1 1 1 1 1 1 1 7 0 0 H 0 0 0 0 0 0 1 1
1 7 0 0 0 0 0 0 0 0 0 0 0 8 1 1 1 1 1 1 1 7 0 0 0 H 0 0 0 0 0 0 1 1
1 0 0 0 0 0 0 0 0 0 0 0 0 0 0 0 0 0 0 0 0 0 0 0 0 2 2 2 2 2 2 H 1 1
1 0 0 0 0 0 0 0 0 0 0 0 0 0 0 0 0 0 0 0 0 0 0 0 0 0 0 0 0 0 0 H 8 1
1 0 0 0 0 0 0 0 0 0 0 H 2 6 2 2 2 2 2 2 2 9 2 H 0 0 0 0 0 0 0 H 0 0
1 0 0 0 0 0 0 0 0 0 0 H 5 1 1 1 1 1 1 1 1 1 4 H 0 0 0 0 0 0 0 H 0 0
1 H 2 2 2 2 2 2 2 2 2 2 1 1 1 1 1 1 1 1 1 1 1 2 2 H 2 2 2 2 2 2 1 1
1 H 0 0 0 0 0 0 0 0 0 0 1 1 1 1 1 1 1 1 1 1 1 1 1 H 1 1 1 1 1 1 1 1
1 H 0 0 0 0 0 0 0 0 0 0 1 1 1 1 1 F 0 0 0 0 0 0 0 U 0 0 0 0 0 0 1 1
1 H 0 0 0 0 0 0 0 0 0 0 1 1 1 1 1 E 0 0 0 0 0 0 0 U 0 0 0 0 0 0 1 1
1 H 0 0 0 0 0 0 0 0 0 0 1 1 1 1 1 2 2 2 2 2 2 2 2 U 2 2 2 2 2 2 1 1
1 H 2 2 2 2 2 2 2 2 2 2 1 1 1 1 1 1 1 1 1 1 1 1 7 U 8 1 1 1 1 1 1 1
1 H 0 0 0 0 0 0 0 0 0 0 1 1 1 1 1 1 1 1 1 1 1 7 0 H 0 8 1 1 1 1 1 1
1 H 0 0 0 0 0 0 0 0 0 0 1 1 1 1 1 1 1 1 1 1 7 0 0 H 0 0 8 1 1 1 1 1
1 H 0 0 0 0 2 2 2 2 2 H 1 1 1 1 7 0 0 0 0 0 0 0 0 H 0 0 0 1 1 1 1 1
1 H 0 0 0 0 0 0 0 0 0 H 1 1 1 1 0 0 0 0 0 0 0 0 0 H 0 0 0 1 1 1 1 1
1 2 2 2 2 2 2 2 2 2 2 2 1 1 1 1 0 0 0 0 0 0 0 0 0 H 0 0 0 1 1 1 1 1
1 1 1 1 1 1 1 1 1 1 1 1 1 1 1 1 0 0 0 0 0 0 0 0 0 H 0 0 0 1 1 1 1 1
1 1 1 1 1 1 1 1 1 1 1 1 1 1 1 1 0 0 0 0 0 0 0 0 0 H 0 0 0 1 1 1 1 1
1 1 1 1 1 1 1 1 1 1 1 1 1 1 1 1 0 0 0 0 0 0 0 0 0 H 0 0 0 1 1 1 1 1
1 1 1 1 1 1 1 1 1 1 1 1 1 1 1 1 H 2 2 2 2 2 2 2 0 H 0 0 0 1 1 1 1 1
1 1 1 1 1 1 1 1 1 1 1 1 1 1 1 1 H 0 0 0 0 0 0 0 0 H 0 0 0 1 1 1 1 1
1 1 1 1 1 1 1 1 1 1 1 1 1 1 1 1 H 0 0 0 0 0 0 0 0 H 0 0 0 1 1 1 1 1
1 1 1 1 1 1 1 1 1 1 1 1 1 1 1 1 H 0 0 0 0 0 0 0 0 H 0 0 0 1 1 1 1 1
1 1 1 1 1 1 1 1 1 1 1 1 1 1 1 1 H 0 0 0 0 0 0 0 0 H 0 0 0 1 1 1 1 1
1 1 1 1 1 1 1 1 1 1 1 1 1 1 1 1 H 0 0 0 0 0 0 0 0 H 0 0 0 1 1 1 1 1
1 1 1 1 1 1 1 1 1 1 1 1 1 1 1 1 H 0 0 0 0 0 0 0 0 H 0 0 0 1 1 1 1 1
1 1 1 1 1 1 1 1 1 1 1 1 1 1 1 1 H 2 2 2 2 2 2 2 0 H 0 0 0 1 1 1 1 1
